# Bone count
6
# Bone data
0
1.0 0.0 -2.3841853646899835e-07 0.0
0.0 0.9999999403953552 0.0 0.0
2.3841853646899835e-07 0.0 1.0 0.0
0.0 0.0 0.0 1.0
1.0 -0.0 2.3841853646899835e-07 -0.0
-0.0 1.0000001192092896 -0.0 0.0
-2.3841853646899835e-07 -0.0 1.0 -0.0
-0.0 0.0 -0.0 1.0
0
1.0 0.0 -2.842170943040401e-14 0.0
0.0 1.0 0.0 0.0
2.842170943040401e-14 0.0 1.0 0.0
0.0 0.9031935930252075 0.0 1.0
1.0 -0.0 2.3841856489070778e-07 -0.0
-0.0 1.0000001192092896 -0.0 0.0
-2.3841856489070778e-07 -0.0 1.0 -0.0
-0.0 -0.9031935930252075 -0.0 1.0
1
-0.08926139026880264 0.9960073232650757 0.0013767816126346588 0.0
-0.9944657683372498 -0.08904612809419632 -0.05575534328818321 0.0
-0.05541013926267624 -0.006345957517623901 0.9984434843063354 0.0
0.0 0.9542351961135864 0.0 1.0
-0.08926134556531906 -0.9944657683372498 -0.05540989339351654 0.0
0.9960073828697205 -0.0890461727976799 -0.006345962639898062 0.0
0.0013767998898401856 -0.055755116045475006 0.998443603515625 -0.0
-1.8500125408172607 0.16539691388607025 0.01178717240691185 1.0
2
0.1899312138557434 0.9702442288398743 0.15017485618591309 0.0
-0.9816492199897766 0.1850098967552185 0.04621973633766174 0.0
0.017060590907931328 -0.15619760751724243 0.9875785112380981 0.0
-1.3664248399436474e-08 1.1625535488128662 0.0 1.0
-0.990149199962616 -0.09892372041940689 0.09908866882324219 -0.0
0.1018233522772789 -0.9944975972175598 0.024634141474962234 0.0
0.09610654413700104 0.03448101505637169 0.9947736859321594 -0.0
-1.3170902729034424 1.6321241855621338 0.13583189249038696 1.0
3
0.985652506351471 -0.04385250061750412 0.16299152374267578 0.0
-0.12161823362112045 0.48508521914482117 0.8659684062004089 0.0
-0.11703966557979584 -0.8733667135238647 0.47279220819473267 0.0
3.14321368932724e-08 0.9293352365493774 9.313225746154785e-09 1.0
-0.9554542303085327 0.1582414209842682 0.2491317242383957 -0.0
0.14798878133296967 -0.47346729040145874 0.8682904243469238 -0.0
0.25535523891448975 0.8664804697036743 0.42895832657814026 -0.0
-1.3068726062774658 0.6187208294868469 -0.3954204022884369 1.0
4
0.9586555361747742 -0.1694154441356659 -0.2286437749862671 0.0
0.24609990417957306 0.09015785902738571 0.9650421142578125 0.0
-0.14287900924682617 -0.9814122915267944 0.12812340259552002 0.0
1.1175870895385742e-07 0.4279802441596985 -2.9802322387695312e-08 1.0
-0.9997224807739258 0.01955215260386467 0.01313390675932169 -0.0
0.023553701117634773 0.8316702246665955 0.5547704696655273 0.0
-7.610861212015152e-05 0.554925799369812 -0.8318998217582703 0.0
-1.1947448253631592 -0.6860218644142151 -0.051133111119270325 1.0
