# Instance count
2
Pot
0
Pot-N
-1
0.7791638970375061 -0.6007065176963806 0.1790398359298706 0.0
0.11514076590538025 -0.14360947906970978 -0.9829134941101074 0.0
0.6161543726921082 0.7864655256271362 -0.04272950813174248 0.0
0.0 0.0 0.0 1.0
Leaf
0
Leaf-N
0
1.0 0.0 0.0 0.0
7.450580596923828e-09 1.0 0.0 0.0
-2.9802322387695312e-08 7.450580596923828e-09 1.0 0.0
-5.960464477539063e-08 1.4901161193847656e-08 2.1071343421936035 1.0
# Animation count
2
SidePlantWind.001
SidePlantWind
