# Instance count
90
ProtoArena2
0
ArenaMesh
-1
48.561092376708984 0.0 0.0 0.0
0.0 1.0 0.0 0.0
0.0 0.0 48.561092376708984 0.0
0.0 -3.0426621437072754 0.0 1.0
Collider
2
CUBE-Collider
0
1.0000001192092896 0.0 0.0 0.0
0.0 1.0 0.0 0.0
0.0 0.0 1.0000001192092896 0.0
0.0 -6.537129878997803 0.0 1.0
Cube.001
0
CubeMesh
0
0.2360016405582428 0.0 0.0 0.0
0.0 7.567276954650879 0.0 0.0
0.0 0.0 0.2360016405582428 0.0
-0.704308807849884 0.6871175765991211 -0.7267024517059326 1.0
Cube.006
0
CubeMesh
0
0.2360016405582428 0.0 0.0 0.0
0.0 1.9120910167694092 0.012258341535925865 0.0
0.0 -7.0382490158081055 0.46554824709892273 0.0
-0.704308807849884 -0.6561739444732666 -0.03630659729242325 1.0
Cube.007
0
CubeMesh
0
1.7817630038052812e-08 -1.921399359616771e-07 -0.2360016405582428 0.0
0.022026780992746353 1.693017601966858 1.0784718673662042e-09 0.0
0.24409037828445435 -7.488881587982178 2.1013800477476252e-08 0.0
-0.25158342719078064 -0.9609293937683105 -0.7315198183059692 1.0
Cube.008
0
CubeMesh
0
0.2360016405582428 0.0 0.0 0.0
0.0 18.141693115234375 0.0 0.0
0.0 0.0 0.2360016405582428 0.0
0.6924173831939697 12.668107986450195 0.6960729360580444 1.0
Cube.009
0
CubeMesh
0
-0.04819616302847862 -0.30404239892959595 -0.04514281451702118 0.0
-0.0012254606699571013 0.9954417943954468 -0.001534702954813838 0.0
0.032264526933431625 -0.03124624863266945 -0.034357573837041855 0.0
-0.37045547366142273 9.454668998718262 -0.3705468773841858 1.0
Cube.010
0
CubeMesh
0
-0.04832886904478073 -0.8259573578834534 -0.04213040694594383 0.0
-0.0035074809566140175 0.9659823775291443 -0.004007196985185146 0.0
0.031272042542696 -0.0769033208489418 -0.035233624279499054 0.0
-0.23139533400535583 11.251611709594727 -0.23678193986415863 1.0
Cube.011
0
CubeMesh
0
-0.04832886904478073 -0.8259573578834534 -0.04213040694594383 0.0
-0.0035074809566140175 0.9659823775291443 -0.004007196985185146 0.0
0.031272042542696 -0.0769033208489418 -0.035233624279499054 0.0
-0.0676269680261612 14.164094924926758 -0.09855308383703232 1.0
Cube.012
0
CubeMesh
0
-0.08567864447832108 -1.464278221130371 -0.07468985766172409 0.0
-0.0035755226854234934 0.9847215414047241 -0.004084932617843151 0.0
0.04112481325864792 -0.10113298892974854 -0.046334560960531235 0.0
0.11759337782859802 17.810766220092773 0.0494980588555336 1.0
Cube.013
0
CubeMesh
0
-0.05000057816505432 0.0 -0.04358770698308945 0.0
0.0 1.0 0.0 0.0
0.11703407019376755 0.0 -0.13425277173519135 0.0
0.2979412078857422 19.773290634155273 0.21107995510101318 1.0
Cube.014
0
CubeMesh
0
-0.06399679183959961 -0.06621698290109634 0.017392460256814957 0.0
-0.002315657678991556 0.9334642291069031 -0.00701356865465641 0.0
-0.060468822717666626 -4.42252254486084 -0.22963932156562805 0.0
0.2640473246574402 24.799144744873047 0.6248140931129456 1.0
Cube.015
0
CubeMesh
0
-0.02886764518916607 -0.06621699035167694 0.05970548838376999 0.0
-0.006812022998929024 0.9334642291069031 -0.0028546059038490057 0.0
-0.212967649102211 -4.422523021697998 -0.10504992306232452 0.0
0.6989466547966003 24.874391555786133 0.28467652201652527 1.0
Cube.016
0
CubeMesh
0
0.2360016405582428 0.0 0.0 0.0
0.0 1.8686070442199707 -0.014831779524683952 0.0
0.0 8.515813827514648 0.4549609124660492 0.0
-0.7224175930023193 2.957566499710083 1.5777451992034912 1.0
Cube.017
0
CubeMesh
0
0.2360016405582428 0.0 0.0 0.0
0.0 0.9758949875831604 0.03601105883717537 0.0
0.0 -20.67610740661621 0.2376069873571396 0.0
-0.13965246081352234 -25.648693084716797 1.278471827507019 1.0
Cube.018
0
CubeMesh
0
0.6474713683128357 0.0 0.0 0.0
0.0 2.346498489379883 0.0 0.0
0.0 0.0 0.5713160634040833 0.0
-0.08618120849132538 -44.027835845947266 2.0881927013397217 1.0
Cube.019
0
CubeMesh
0
0.9919199347496033 0.0 -0.016801096498966217 0.0
0.0 1.6087710857391357 0.0 0.0
0.0031300729606300592 0.0 0.18479637801647186 0.0
0.002288305899128318 11.733871459960938 2.1811041831970215 1.0
Cube.020
0
CubeMesh
0
0.23609860241413116 0.0 0.0 0.0
0.0 1.9210036993026733 0.013121834956109524 0.0
0.0 -8.460201263427734 0.5252155661582947 0.0
0.6854584813117981 20.155912399291992 1.4331053495407104 1.0
Cube.021
0
CubeMesh
0
0.06102219596505165 0.0 0.0 0.0
0.0 1.0 0.0 0.0
0.0 0.0 0.3629240095615387 0.0
0.35629624128341675 -43.23600769042969 1.1151392459869385 1.0
Cube.022
0
CubeMesh
0
0.06102219596505165 0.0 0.0 0.0
0.0 0.9980531930923462 0.006520090624690056 0.0
0.0 -12.397299766540527 0.8047304153442383 0.0
0.3222953677177429 -31.31129264831543 -0.661121666431427 1.0
Cube.023
0
CubeMesh
0
0.06102219596505165 0.0 0.0 0.0
0.0 1.0 0.0 0.0
0.0 0.0 0.7528731822967529 0.0
-0.567031741142273 -43.23600769042969 -0.539122998714447 1.0
Cube.024
0
CubeMesh
0
0.06102219596505165 0.0 0.0 0.0
0.0 1.0 0.0 0.0
0.0 0.0 0.3629240095615387 0.0
-0.5706740021705627 -43.23600769042969 1.1151392459869385 1.0
Cube.025
0
CubeMesh
0
0.28394341468811035 0.0 0.0 0.0
0.0 1.0 0.0 0.0
0.0 0.0 0.2636551856994629 0.0
-0.09317188709974289 -42.5745735168457 0.5006684064865112 1.0
Cube.026
0
CubeMesh
0
0.08029212802648544 0.0 0.0 0.0
0.0 1.0 0.0 0.0
0.0 0.0 0.07455513626337051 0.0
-0.5690186023712158 -42.47288513183594 -1.44087815284729 1.0
Cube.027
0
CubeMesh
0
0.08029212802648544 0.0 0.0 0.0
0.0 1.0 0.0 0.0
0.0 0.0 0.07455513626337051 0.0
-0.5429361462593079 -39.74755859375 -1.7279881238937378 1.0
Cube.028
0
CubeMesh
0
0.08029212802648544 0.0 0.0 0.0
0.0 1.0 0.0 0.0
0.0 0.0 0.07455513626337051 0.0
-0.42858269810676575 -38.52287673950195 -1.925631046295166 1.0
Cube.029
0
CubeMesh
0
0.08029212802648544 0.0 0.0 0.0
0.0 1.0 0.0 0.0
0.0 0.0 0.07455513626337051 0.0
-0.2798458933830261 -36.546783447265625 -2.0233466625213623 1.0
Cube.030
0
CubeMesh
0
0.08029212802648544 0.0 0.0 0.0
0.0 1.0 0.0 0.0
0.0 0.0 0.07455513626337051 0.0
-0.11313141137361526 -32.765995025634766 -2.105288028717041 1.0
Cube.031
0
CubeMesh
0
0.08029212802648544 0.0 0.0 0.0
0.0 1.0 0.0 0.0
0.0 0.0 0.07455513626337051 0.0
0.05379088222980499 -30.020082473754883 -2.0487425327301025 1.0
Cube.032
0
CubeMesh
0
0.08029212802648544 0.0 0.0 0.0
0.0 1.0 0.0 0.0
0.0 0.0 0.07455513626337051 0.0
0.24222499132156372 -26.737104415893555 -2.053481101989746 1.0
Cube.033
0
CubeMesh
0
0.08029212802648544 0.0 0.0 0.0
0.0 1.0 0.0 0.0
0.0 0.0 0.07455513626337051 0.0
0.33774757385253906 -23.480592727661133 -1.9293361902236938 1.0
Cube.034
0
CubeMesh
0
0.08029212802648544 0.0 0.0 0.0
0.0 1.0 0.0 0.0
0.0 0.0 0.07455513626337051 0.0
0.33523041009902954 -20.728404998779297 -1.7333126068115234 1.0
Cube.035
0
CubeMesh
0
0.08029212802648544 0.0 0.0 0.0
0.0 1.0 0.0 0.0
0.0 0.0 0.07455513626337051 0.0
0.3417487144470215 -18.24668312072754 -1.5599249601364136 1.0
Cube.036
0
CubeMesh
0
0.08029212802648544 0.0 0.0 0.0
0.0 1.0 0.0 0.0
0.0 0.0 0.07455513626337051 0.0
0.1334884762763977 -16.16775894165039 -1.4511144161224365 1.0
Cube.037
0
CubeMesh
0
0.08029212802648544 0.0 0.0 0.0
0.0 1.0 0.0 0.0
0.0 0.0 0.07455513626337051 0.0
-0.0459250845015049 -13.289045333862305 -1.2622343301773071 1.0
Cube.038
0
CubeMesh
0
0.08029212802648544 0.0 0.0 0.0
0.0 1.0 0.0 0.0
0.0 0.0 0.07455513626337051 0.0
-0.23170629143714905 -11.876232147216797 -1.144228458404541 1.0
Cube.039
0
CubeMesh
0
0.08029212802648544 0.0 0.0 0.0
0.0 1.0 0.0 0.0
0.0 0.0 0.07455513626337051 0.0
-0.39008045196533203 -10.823020935058594 -1.1593921184539795 1.0
Cube.040
0
CubeMesh
0
0.08029212802648544 0.0 0.0 0.0
0.0 1.0 0.0 0.0
0.0 0.0 0.07455513626337051 0.0
-0.5678744912147522 -8.127969741821289 -1.2080104351043701 1.0
Cube.041
0
CubeMesh
0
0.08029212802648544 0.0 0.0 0.0
0.0 1.0 0.0 0.0
0.0 0.0 0.07455513626337051 0.0
-0.7605135440826416 -5.897592067718506 -1.2368041276931763 1.0
Cube.042
0
CubeMesh
0
0.08029212802648544 0.0 0.0 0.0
0.0 1.0 0.0 0.0
0.0 0.0 0.07455513626337051 0.0
-0.9820931553840637 -4.949549198150635 -1.2292786836624146 1.0
Cube.043
0
CubeMesh
0
0.08029212802648544 0.0 0.0 0.0
0.0 1.0 0.0 0.0
0.0 0.0 0.07455513626337051 0.0
-1.0948266983032227 -1.0872316360473633 -1.0459636449813843 1.0
Rounded
0
CubeMesh
0
0.30888932943344116 0.0 0.0 0.0
0.0 1.0 0.0 0.0
0.0 0.0 0.10296310484409332 0.0
0.0 -4.788015842437744 0.0 1.0
Collider.006
2
CUBE-Collider
2
1.0000001192092896 0.0 0.0 0.0
0.0 1.0 0.0 0.0
0.0 0.0 1.0000001192092896 0.0
-2.384185791015625e-07 -2.9802322387695312e-08 0.0 1.0
Collider.007
2
CUBE-Collider
3
0.9999999403953552 0.0 0.0 0.0
0.0 0.9999999403953552 -3.725290298461914e-09 0.0
0.0 0.0 0.9999998807907104 0.0
0.0 5.960464477539063e-08 7.450580596923828e-09 1.0
Collider.008
2
CUBE-Collider
4
1.0 -3.552713678800501e-14 -8.881784197001252e-16 0.0
-8.881784197001252e-16 0.9999999403953552 0.0 0.0
-7.105427357601002e-15 -4.76837158203125e-07 0.9999999403953552 0.0
2.384185791015625e-07 2.384185791015625e-07 5.960464477539063e-08 1.0
Collider.009
2
CUBE-Collider
5
1.0 0.0 0.0 0.0
0.0 1.0 0.0 0.0
0.0 0.0 1.0 0.0
2.384185791015625e-07 0.0 0.0 1.0
Collider.010
2
CUBE-Collider
6
0.9999998807907104 -2.9802322387695312e-08 3.4924596548080444e-10 0.0
0.0 1.0 -2.7939677238464355e-09 0.0
-1.1990778148174286e-08 0.0 1.0 0.0
-4.76837158203125e-07 0.0 5.662441253662109e-07 0.9999999403953552
Collider.011
2
CUBE-Collider
7
1.0 5.960464477539063e-08 1.3969838619232178e-08 0.0
0.0 1.0 -1.862645149230957e-09 0.0
-1.955777406692505e-08 -1.4901161193847656e-08 0.9999999403953552 0.0
4.76837158203125e-07 -1.430511474609375e-06 -5.960464477539063e-08 1.0
Collider.012
2
CUBE-Collider
8
1.0 5.960464477539063e-08 1.3969838619232178e-08 0.0
0.0 1.0 -1.862645149230957e-09 0.0
-1.955777406692505e-08 -1.4901161193847656e-08 0.9999999403953552 0.0
0.0 -1.1920928955078125e-06 -5.960464477539063e-08 1.0
Collider.013
2
CUBE-Collider
9
1.0 -1.1920928955078125e-07 5.029141902923584e-08 0.0
3.725290298461914e-09 1.0 4.6566128730773926e-09 0.0
-3.4458935260772705e-08 2.9802322387695312e-08 0.9999999403953552 0.0
0.0 -8.344650268554688e-07 -1.7881393432617188e-07 1.0
Collider.014
2
CUBE-Collider
10
1.0 0.0 1.4901161193847656e-08 0.0
0.0 1.0 0.0 0.0
-1.1920928955078125e-07 0.0 1.0 0.0
0.0 0.0 -2.9802322387695312e-08 1.0
Collider.015
2
CUBE-Collider
11
0.9999999403953552 -1.4901161193847656e-08 2.0954757928848267e-09 0.0
3.259629011154175e-09 1.0 -1.862645149230957e-09 0.0
1.0617077350616455e-07 -4.76837158203125e-07 0.9999999403953552 0.0
0.0 -9.5367431640625e-07 -2.384185791015625e-07 1.0
Collider.016
2
CUBE-Collider
12
0.9999999403953552 7.450580596923828e-09 2.444721758365631e-09 0.0
-1.862645149230957e-09 1.0 0.0 0.0
3.725290298461914e-08 0.0 1.0 0.0
-5.960464477539063e-08 -9.5367431640625e-07 -2.384185791015625e-07 1.0
Collider.017
2
CUBE-Collider
13
0.9999999403953552 0.0 0.0 0.0
0.0 1.0 -1.862645149230957e-09 0.0
0.0 0.0 1.0 0.0
2.384185791015625e-07 0.0 2.384185791015625e-07 1.0
Collider.018
2
CUBE-Collider
14
0.9999999403953552 0.0 0.0 0.0
0.0 0.9999999403953552 3.725290298461914e-09 0.0
0.0 -4.76837158203125e-07 0.9999998807907104 0.0
0.0 1.9073486328125e-06 -2.384185791015625e-07 1.0
Collider.019
2
CUBE-Collider
15
0.9999998807907104 0.0 0.0 0.0
0.0 0.9999998807907104 0.0 0.0
0.0 0.0 0.9999999403953552 0.0
0.0 0.0 2.384185791015625e-07 0.9999999403953552
Collider.020
2
CUBE-Collider
16
0.9999999403953552 0.0 7.450580596923828e-09 0.0
0.0 1.0 0.0 0.0
0.0 0.0 1.0 0.0
-3.725290298461914e-09 -4.76837158203125e-07 9.5367431640625e-07 1.0
Collider.021
2
CUBE-Collider
17
1.0000001192092896 0.0 0.0 0.0
0.0 1.0000001192092896 0.0 0.0
0.0 0.0 1.0000001192092896 0.0
0.0 -9.5367431640625e-07 2.384185791015625e-07 1.0
Collider.022
2
CUBE-Collider
18
1.0 0.0 0.0 0.0
0.0 1.0 0.0 0.0
0.0 0.0 1.0 0.0
-4.76837158203125e-07 3.814697265625e-06 0.0 1.0
Collider.023
2
CUBE-Collider
19
0.9999999403953552 0.0 0.0 0.0
0.0 1.0 0.0 0.0
0.0 9.5367431640625e-07 1.0 0.0
0.0 -9.5367431640625e-07 0.0 1.0
Collider.025
2
CUBE-Collider
20
0.9999999403953552 0.0 0.0 0.0
0.0 0.9999999403953552 0.0 0.0
0.0 0.0 0.9999999403953552 0.0
0.0 0.0 -5.960464477539063e-08 0.9999999403953552
Collider.024
2
CUBE-Collider
21
1.0 0.0 0.0 0.0
0.0 1.0 0.0 0.0
0.0 0.0 1.0 0.0
-9.5367431640625e-07 3.814697265625e-06 0.0 1.0
Collider.026
2
CUBE-Collider
22
0.9999998807907104 0.0 0.0 0.0
0.0 1.0 0.0 0.0
0.0 0.0 0.9999999403953552 0.0
2.9802322387695312e-08 0.0 -1.1920928955078125e-07 1.0
Collider.027
2
CUBE-Collider
23
1.0000001192092896 0.0 0.0 0.0
0.0 1.0 0.0 0.0
0.0 0.0 1.0 0.0
-9.5367431640625e-07 0.0 0.0 1.0
Collider.028
2
CUBE-Collider
24
1.0000001192092896 0.0 0.0 0.0
0.0 1.0 0.0 0.0
0.0 0.0 1.0 0.0
0.0 0.0 0.0 1.0
Collider.029
2
CUBE-Collider
25
1.0000001192092896 0.0 0.0 0.0
0.0 1.0 0.0 0.0
0.0 0.0 1.0 0.0
0.0 0.0 0.0 1.0
Collider.030
2
CUBE-Collider
26
1.0000001192092896 0.0 0.0 0.0
0.0 1.0 0.0 0.0
0.0 0.0 1.0 0.0
-2.384185791015625e-07 0.0 1.9073486328125e-06 1.0
Collider.031
2
CUBE-Collider
27
1.0000001192092896 0.0 0.0 0.0
0.0 1.0 0.0 0.0
0.0 0.0 1.0 0.0
0.0 0.0 0.0 1.0
Collider.032
2
CUBE-Collider
28
1.0000001192092896 0.0 0.0 0.0
0.0 1.0 0.0 0.0
0.0 0.0 1.0 0.0
5.960464477539063e-08 0.0 0.0 1.0
Collider.033
2
CUBE-Collider
29
1.0000001192092896 0.0 0.0 0.0
0.0 1.0 0.0 0.0
0.0 0.0 1.0 0.0
0.0 0.0 0.0 1.0
Collider.034
2
CUBE-Collider
30
1.0000001192092896 0.0 0.0 0.0
0.0 1.0 0.0 0.0
0.0 0.0 1.0 0.0
0.0 0.0 0.0 1.0
Collider.035
2
CUBE-Collider
31
1.0000001192092896 0.0 0.0 0.0
0.0 1.0 0.0 0.0
0.0 0.0 1.0 0.0
0.0 1.9073486328125e-06 0.0 1.0
Collider.036
2
CUBE-Collider
32
1.0000001192092896 0.0 0.0 0.0
0.0 1.0 0.0 0.0
0.0 0.0 1.0 0.0
0.0 0.0 1.9073486328125e-06 1.0
Collider.037
2
CUBE-Collider
33
1.0000001192092896 0.0 0.0 0.0
0.0 1.0 0.0 0.0
0.0 0.0 1.0 0.0
0.0 0.0 0.0 1.0
Collider.038
2
CUBE-Collider
34
1.0000001192092896 0.0 0.0 0.0
0.0 1.0 0.0 0.0
0.0 0.0 1.0 0.0
-5.960464477539063e-08 0.0 0.0 1.0
Collider.039
2
CUBE-Collider
35
1.0000001192092896 0.0 0.0 0.0
0.0 1.0 0.0 0.0
0.0 0.0 1.0 0.0
0.0 0.0 0.0 1.0
Collider.040
2
CUBE-Collider
36
1.0000001192092896 0.0 0.0 0.0
0.0 1.0 0.0 0.0
0.0 0.0 1.0 0.0
0.0 0.0 0.0 1.0
Collider.041
2
CUBE-Collider
37
1.0000001192092896 0.0 0.0 0.0
0.0 1.0 0.0 0.0
0.0 0.0 1.0 0.0
-4.76837158203125e-07 0.0 0.0 1.0
Collider.042
2
CUBE-Collider
38
1.0000001192092896 0.0 0.0 0.0
0.0 1.0 0.0 0.0
0.0 0.0 1.0 0.0
0.0 0.0 0.0 1.0
Collider.043
2
CUBE-Collider
39
1.0000001192092896 0.0 0.0 0.0
0.0 1.0 0.0 0.0
0.0 0.0 1.0 0.0
-9.5367431640625e-07 0.0 0.0 1.0
Collider.044
2
CUBE-Collider
40
1.0000001192092896 0.0 0.0 0.0
0.0 1.0 0.0 0.0
0.0 0.0 1.0 0.0
-9.5367431640625e-07 0.0 0.0 1.0
Collider.001
2
CUBE-Collider
41
1.0000001192092896 0.0 0.0 0.0
0.0 1.0 0.0 0.0
0.0 0.0 1.0 0.0
0.0 0.0 0.0 1.0
Cube.002
0
CubeMesh
41
0.8070676326751709 0.0 -1.771377682685852 0.0
0.0 1.0 0.0 0.0
0.1968197524547577 0.0 0.8070675134658813 0.0
0.0 -0.11506271362304688 0.0 1.0
Cube.003
0
CubeMesh
41
0.29346781969070435 0.0 -2.8679070472717285 0.0
0.0 1.0 0.0 0.0
0.3186563551425934 0.0 0.29346778988838196 0.0
0.0 -0.057323455810546875 0.0 1.0
Cube.004
0
CubeMesh
41
-0.32958874106407166 0.0 -2.832374095916748 0.0
0.0 1.0 0.0 0.0
0.31470823287963867 0.0 -0.32958874106407166 0.0
0.0 -0.11418342590332031 0.0 1.0
Cube.005
0
CubeMesh
41
-0.8161004781723022 0.0 -1.7337310314178467 0.0
0.0 1.0 0.0 0.0
0.19263681769371033 0.0 -0.8161003589630127 0.0
0.0 -0.05764007568359375 0.0 1.0
Collider.002
2
CUBE-Collider
82
1.0 0.0 0.0 0.0
0.0 1.0 0.0 0.0
0.0 0.0 1.0 0.0
0.0 -4.76837158203125e-07 0.0 1.0
Collider.003
2
CUBE-Collider
83
1.0 0.0 -5.960464477539063e-08 0.0
0.0 1.0 0.0 0.0
7.450580596923828e-09 0.0 1.0 0.0
0.0 -4.76837158203125e-07 0.0 1.0
Collider.004
2
CUBE-Collider
84
1.0 0.0 0.0 0.0
0.0 1.0 0.0 0.0
0.0 0.0 1.0 0.0
0.0 0.0 0.0 1.0
Collider.005
2
CUBE-Collider
85
1.0 0.0 0.0 0.0
0.0 1.0 0.0 0.0
0.0 0.0 1.0 0.0
0.0 0.0 0.0 1.0
# Animation count
0
