<bpy_collection[4], ArmatureBones>
0
1.0 -3.8918252250578914e-17 -3.757709469260994e-17 0.0
3.8918252250578914e-17 0.035054367035627365 0.999385416507721 0.0
-3.757709469260994e-17 -0.999385416507721 0.03505432605743408 0.0
0.0 0.0 0.0 1.0
1.0 3.8918252250578914e-17 -3.7577091383887487e-17 -0.0
-3.8918252250578914e-17 0.03505432605743408 -0.999385416507721 0.0
-3.7577091383887487e-17 0.999385416507721 0.035054367035627365 -0.0
-0.0 -0.0 -0.0 1.0
0
0.9071213006973267 -0.38698604702949524 -0.16544751822948456 0.0
0.2812650799751282 0.8498510122299194 -0.4456939697265625 0.0
0.31308311223983765 0.3577639162540436 0.879763662815094 0.0
6.203854594147708e-25 0.5647856593132019 -1.862645149230957e-09 1.0
0.9071211814880371 0.2812650799751282 0.31308308243751526 -0.0
0.15178029239177704 0.47521108388900757 -0.866681694984436 0.0
-0.3925478458404541 0.8337053656578064 0.3883835971355438 -0.0
0.21856416761875153 -0.47998374700546265 -0.20205990970134735 1.0
0
0.9995188117027283 0.031012646853923798 0.0006458870484493673 0.0
-0.024557780474424362 0.7784185409545898 0.6272651553153992 0.0
0.018950380384922028 -0.6269791722297668 0.7788055539131165 0.0
6.203854594147708e-25 0.5647856593132019 -1.862645149230957e-09 1.0
0.9995188117027283 -0.024557780474424362 0.018950380384922028 -0.0
0.00044163595885038376 -0.5995926856994629 -0.8003052473068237 0.0
0.03101622872054577 0.7999284863471985 -0.5992932319641113 -0.0
-0.017515499144792557 -0.4396396279335022 0.3541088402271271 1.0
0
0.9961814880371094 -0.08717463910579681 -0.004798538517206907 0.0
0.08729757368564606 0.9937825798988342 0.06910298019647598 0.0
-0.001255323295481503 -0.06925801187753677 0.9975981116294861 0.0
6.203854594147708e-25 0.5647856593132019 -1.862645149230957e-09 1.0
0.9961814284324646 0.08729757368564606 -0.0012553229462355375 -0.0
0.0017397404881194234 -0.03422412648797035 -0.9994125366210938 0.0
-0.08728926628828049 0.9955942034721375 -0.03424527496099472 -0.0
0.04923497512936592 -0.5612741112709045 0.03911592438817024 1.0
