# Bone count
5
# Bone data
0
1.0 2.384185791015625e-07 5.603461262957731e-18 0.0
-5.603461262957731e-18 0.0 1.0 0.0
2.384185791015625e-07 -1.0 1.335969272365029e-24 0.0
0.0 0.0 -0.8862841725349426 1.0
1.0 -5.603461262957731e-18 2.384185791015625e-07 -0.0
2.384185791015625e-07 0.0 -1.0 0.0
5.603461262957731e-18 1.0 1.335969272365029e-24 -0.0
4.966259221689757e-18 0.8862841725349426 1.1840484670853036e-24 1.0
0
1.0 -5.603461262957731e-18 0.0 0.0
5.603461262957731e-18 1.0 1.335969272365029e-24 0.0
0.0 -1.335969272365029e-24 1.0 0.0
4.1359030627651384e-25 1.9401657581329346 9.860761315262648e-32 1.0
1.0 -0.0 2.384185791015625e-07 -0.0
2.384185791015625e-07 0.0 -1.0 0.0
-3.185198956406186e-31 1.0 -7.594106093421425e-38 -0.0
1.0871643889771181e-17 -1.0538816452026367 2.592001888697429e-24 1.0
1
1.0 3.185198956406186e-31 0.0 0.0
-3.185198956406186e-31 1.0 -7.594106093421425e-38 0.0
0.0 7.594106093421425e-38 1.0 0.0
-1.0461651457911465e-30 2.2291805744171143 -2.4942520756510413e-37 1.0
1.0 -3.185198956406186e-31 2.384185791015625e-07 -0.0
2.384185791015625e-07 0.0 -1.0 0.0
1.8216880036222622e-44 1.0 0.0 -0.0
1.0871643889771181e-17 -3.283062219619751 2.592001888697429e-24 1.0
1
-0.07098343223333359 -0.9971416592597961 -0.025885429233312607 0.0
0.9968494772911072 -0.06999405473470688 -0.0373108834028244 0.0
0.035392407327890396 -0.028452321887016296 0.9989684224128723 0.0
1.0899672508239746 1.437476634979248 0.028042040765285492 1.0
-0.07098342478275299 0.9968492388725281 0.0353926420211792 -0.0
0.02588540129363537 0.037311118096113205 -0.9989683032035828 0.0
-0.9971414804458618 -0.06999404728412628 -0.028452325612306595 0.0
2.5623319149017334 -0.9111065864562988 0.004295266233384609 1.0
3
0.05599522590637207 -0.9975432753562927 -0.04209395870566368 0.0
0.9975433349609375 0.054118312895298004 0.044481415301561356 0.0
-0.04209408536553383 -0.044481292366981506 0.9981229305267334 0.0
-2.849847078323364e-07 1.1428340673446655 2.7939677238464355e-09 1.0
-0.9998648762702942 -0.015287021175026894 -0.006026949733495712 0.0
0.006280534900724888 -0.016594504937529564 -0.9998425841331482 0.0
0.015184508636593819 -0.9997453093528748 0.016688263043761253 -0.0
2.192192316055298 2.445072889328003 -0.012209899723529816 1.0
