# Bone count
5
# Bone data
0
1.0 0.0 -2.3841853646899835e-07 0.0
0.0 0.9999999403953552 0.0 0.0
2.3841853646899835e-07 0.0 1.0 0.0
0.0 0.0 0.0 1.0
1.0 -0.0 2.3841853646899835e-07 -0.0
-0.0 1.0000001192092896 -0.0 0.0
-2.3841853646899835e-07 -0.0 1.0 -0.0
-0.0 0.0 -0.0 1.0
0
1.0 0.0 -2.842170943040401e-14 0.0
0.0 1.0 0.0 0.0
2.842170943040401e-14 0.0 1.0 0.0
0.0 0.9031935930252075 0.0 1.0
1.0 -0.0 2.3841856489070778e-07 -0.0
-0.0 1.0000001192092896 -0.0 0.0
-2.3841856489070778e-07 -0.0 1.0 -0.0
-0.0 -0.9031935930252075 -0.0 1.0
1
-0.08926139026880264 0.9960073232650757 0.0013767816126346588 0.0
-0.9944657683372498 -0.08904612809419632 -0.05575534328818321 0.0
-0.05541013926267624 -0.006345957517623901 0.9984434843063354 0.0
0.0 0.9542351961135864 0.0 1.0
-0.08926134556531906 -0.9944657683372498 -0.05540989339351654 0.0
0.9960073828697205 -0.0890461727976799 -0.006345962639898062 0.0
0.0013767998898401856 -0.055755116045475006 0.998443603515625 -0.0
-1.8500125408172607 0.16539691388607025 0.01178717240691185 1.0
2
0.3630432188510895 0.9292885065078735 0.06798942387104034 0.0
-0.8853192329406738 0.32127249240875244 0.33614593744277954 0.0
0.2905333638191223 -0.18222780525684357 0.9393526911735535 0.0
-1.3664248399436474e-08 1.1625535488128662 0.0 1.0
-0.9603185057640076 -0.25909537076950073 0.10323648154735565 -0.0
0.27841269969940186 -0.912525475025177 0.29963892698287964 0.0
0.016570812091231346 0.31649115681648254 0.9484506249427795 -0.0
-1.597479224205017 1.321454644203186 -0.3447083532810211 1.0
3
0.9864376187324524 0.1292000561952591 0.10123272240161896 0.0
-0.1570853888988495 0.5642914772033691 0.8104931116104126 0.0
0.047590989619493484 -0.815403163433075 0.576933741569519 0.0
-7.078051567077637e-08 0.966972291469574 -1.4901161193847656e-08 1.0
-0.970318615436554 0.08831916749477386 0.22512534260749817 -0.0
0.18707171082496643 -0.3158096671104431 0.9301981329917908 -0.0
0.1532510221004486 0.9447031617164612 0.2899140417575836 -0.0
-1.5649104118347168 0.1715882569551468 -0.5639456510543823 1.0
