# Instance count
16
Platform
0
PlatformMesh
-1
25.0 0.0 0.0 0.0
0.0 1.0 0.0 0.0
0.0 0.0 25.0 0.0
0.0 0.0 0.0 1.0
Platform.001
0
PlatformMesh
0
0.1233057975769043 -0.24347813427448273 0.002710675820708275 0.0
0.002237754175439477 0.7714632749557495 0.00907782930880785 0.0
-0.00533614307641983 -0.8631758093833923 0.11868414282798767 0.0
-0.7240073084831238 3.3603403568267822 -0.5935903191566467 1.0
Platform.002
0
PlatformMesh
0
0.14266639947891235 0.13925446569919586 -0.009545565582811832 0.0
-0.0004925418761558831 0.7625862956047058 0.0104384059086442 0.0
0.01083359681069851 -1.1510024070739746 0.13505107164382935 0.0
-0.7800859808921814 6.68397855758667 -1.1518735885620117 1.0
Platform.003
0
PlatformMesh
0
0.11597573012113571 -1.2492066621780396 0.001864967169240117 0.0
0.01271502859890461 0.7394422292709351 0.0017753485590219498 0.0
-0.004462018609046936 -0.141255185008049 0.1260906159877777 0.0
-0.7790092825889587 3.648061513900757 -0.08805855363607407 1.0
Platform.004
0
PlatformMesh
0
0.34316515922546387 -0.45139238238334656 -0.01120955590158701 0.0
0.0018680543871596456 0.49246516823768616 0.02545856684446335 0.0
-0.00740791717544198 -6.790011405944824 0.21069486439228058 0.0
-0.14109565317630768 7.9532904624938965 -1.168515920639038 1.0
Platform.005
0
PlatformMesh
0
0.16711312532424927 -1.1860263347625732 -6.374124783548041e-09 0.0
0.009270246140658855 0.8163709044456482 -1.7337017932383958e-10 0.0
4.163318134686733e-09 -1.4487600452639526e-08 0.11346457153558731 0.0
-0.7143710255622864 2.5106139183044434 0.6844598054885864 1.0
Platform.006
0
PlatformMesh
0
0.08944999426603317 0.11158029735088348 -0.0696633905172348 0.0
-0.008680160157382488 0.7411242127418518 -0.009246299043297768 0.0
0.1711622178554535 3.0271377563476562 0.2275354266166687 0.0
0.42590799927711487 3.2130818367004395 0.43661588430404663 1.0
Platform.007
0
PlatformMesh
0
-0.08103811740875244 0.25729021430015564 0.07874715328216553 0.0
-0.0013445682125166059 0.7934332489967346 -0.005531494505703449 0.0
-0.21617497503757477 -1.1716029644012451 -0.2163393497467041 0.0
0.7995595335960388 7.708657264709473 0.87462317943573 1.0
PlatformC
2
CUBE-Platform
0
1.0 0.0 0.0 0.0
0.0 1.0 0.0 0.0
0.0 0.0 1.0 0.0
0.0 0.0 0.0 1.0
PlatformC.001
2
CUBE-Platform
1
1.0 2.9802322387695312e-08 -3.725290298461914e-09 0.0
-1.862645149230957e-09 1.0 7.450580596923828e-09 0.0
1.862645149230957e-09 1.1920928955078125e-07 1.0 0.0
4.76837158203125e-07 0.0 0.0 1.0
PlatformC.002
2
CUBE-Platform
2
0.9999999403953552 1.4901161193847656e-08 8.381903171539307e-09 0.0
9.313225746154785e-10 1.0 -7.450580596923828e-09 0.0
-5.587935447692871e-09 -1.1920928955078125e-07 1.0 0.0
9.5367431640625e-07 0.0 0.0 1.0
PlatformC.003
2
CUBE-Platform
3
0.9999999403953552 0.0 -1.862645149230957e-09 0.0
0.0 1.0 -9.313225746154785e-10 0.0
3.725290298461914e-09 -1.4901161193847656e-08 0.9999998211860657 0.0
-4.76837158203125e-07 -9.5367431640625e-07 5.960464477539063e-08 1.0
PlatformC.004
2
CUBE-Platform
4
1.0 0.0 3.725290298461914e-09 0.0
4.656612873077393e-10 1.0 -7.450580596923828e-09 0.0
0.0 0.0 1.0000001192092896 0.0
2.9802322387695312e-08 -1.9073486328125e-06 -2.384185791015625e-07 1.0
PlatformC.005
2
CUBE-Platform
5
0.9999998807907104 0.0 -4.440892098500626e-16 0.0
-3.725290298461914e-09 0.9999998807907104 -2.220446049250313e-16 0.0
-3.552713678800501e-15 0.0 0.9999998807907104 0.0
-2.384185791015625e-07 0.0 4.76837158203125e-07 1.0
PlatformC.006
2
CUBE-Platform
6
0.9999999403953552 -4.470348358154297e-08 5.122274160385132e-09 0.0
-7.450580596923828e-09 0.9999998807907104 3.725290298461914e-09 0.0
7.450580596923828e-08 -2.384185791015625e-07 0.9999998807907104 0.0
4.76837158203125e-07 0.0 -1.1920928955078125e-07 1.0
PlatformC.007
2
CUBE-Platform
7
1.0 2.9802322387695312e-08 2.9802322387695312e-08 0.0
-1.862645149230957e-09 1.0000001192092896 0.0 0.0
1.862645149230957e-08 0.0 1.0 0.0
4.76837158203125e-07 0.0 -2.384185791015625e-07 1.0
# Animation count
0
